3873
3871
3836
3814
3812
3811
3801
3789
3788
3742
3741
3735
3733
3730
3724
3706
3700
3685
3684
3681
3675
3668
3654
3634
3633
3629
3606
3551
3549
3548
3546
3545
3516
3508
3507
3498
3494
3475
3469
3468
3467
3462
3461
3451
3435
3384
3366
3365
3364
3359
3347
3341
3334
3308
3307
3296
3251
3244
3204
3201
3200
3198
3196
3194
3169
3168
3167
3152
3135
3134
3111
3099
3097
3095
3093
3090
3089
3088
3074
3068
3062
3061
3037
3035
3030
3022
3011
2971
2946
2941
2936
2935
2932
2929
2921
2919
2917
2870
2866
2863
2857
2852
2819
2788
2779
2764
2750
2747
2732
2731
2730
2729
2728
2670
2648
2644
2612
2565
2467
2401
2398
2349
2346
2313
2312
2303
2287
2247
2208
2206
2203
2202
2186
2184
2183
2176
2160
2132
2130
2110
2076
2070
2067
2065
2015
2010
1964
1963
1960
1959
1958
1957
1956
1955
1950
1949
1948
1946
1944
1939
1938
1931
1927
1913
1395
1348
1344
1340
1303
1300
1296
1284
1283
1281
1269
1264
1260
1254
1251
1248
1238
1237
1227
1226
1224
1217
1212
1209
1185
1178
1150
1132
1131
1125
1124
1104
1103
1099
1096
1086
1082
1081
1078
1066
971
965
955
954
952
951
950
949
948
947
946
945
943
942
940
938
936
934
933
931
930
928
926
922
921
918
916
915
911
909
906
905
902
901
900
898
674
599
154
