3916
3869
3868
3863
3844
3827
3809
3798
3791
3785
3752
3745
3744
3717
3697
3688
3686
3624
3617
3614
3591
3555
3536
3525
3524
3505
3489
3450
3441
3438
3409
3398
3397
3354
3301
3300
3298
3274
3273
3269
3264
3263
3259
3258
3257
3254
3250
3249
3247
3219
3203
3178
3173
3113
3098
3087
3040
3020
3005
2990
2986
2881
2841
2826
2803
2795
2794
2792
2735
2734
2724
2723
2722
2717
2707
2701
2694
2688
2642
2616
2605
2598
2581
2572
2567
2541
2539
2496
2478
2474
2471
2469
2463
2433
2431
2428
2423
2421
2420
2416
2414
2413
2411
2410
2409
2405
2403
2402
2378
2376
2375
2371
2369
2335
2334
2301
2297
2253
2245
2231
2146
2145
2143
2134
2133
2126
2125
2124
2118
2111
2109
2088
2046
2023
1918
1911
1894
1892
1883
1882
1835
1831
1805
1801
1792
1779
1769
1754
1717
1711
1693
1687
1672
1645
1644
1620
1616
1614
1591
1590
1589
1586
1562
1518
1513
1485
1479
1476
1459
1441
1409
1405
1385
1379
1378
1347
1339
1298
1297
1257
1135
1100
1093
1091
1061
1059
1049
1047
1042
1037
1027
1020
852
849
832
805
802
788
786
784
748
724
673
671
653
647
586
585
553
552
543
524
520
517
514
507
494
485
466
442
441
435
434
432
431
410
379
376
370
350
344
333
317
303
288
266
253
252
231
216
208
198
196
185
180
173
172
170
168
163
160
153
151
145
112
104
95
70
69
62
24
22
7
3
2
