3952
3949
3911
3910
3893
3852
3819
3783
3728
3712
3618
3566
3556
3535
3528
3521
3512
3429
3426
3422
3358
3342
3328
3317
3271
3267
3265
3261
3260
3246
3186
3185
3163
3145
3129
3125
3083
3071
3067
3060
3044
3019
3007
3000
2976
2973
2966
2952
2926
2912
2883
2859
2759
2745
2739
2693
2690
2686
2677
2611
2600
2583
2442
2439
2390
2384
2357
2348
2333
2331
2318
2282
2171
2155
2112
2022
1966
1921
1916
1914
1885
1884
1875
1845
1834
1810
1794
1734
1730
1719
1701
1694
1683
1680
1678
1660
1649
1648
1643
1635
1633
1611
1594
1542
1537
1480
1449
1446
1411
1392
1361
1357
1354
1295
1289
1280
1279
1277
1268
1245
1243
1211
1189
1188
1187
1186
1177
1175
1173
1172
1171
1147
1120
1057
1050
1041
994
838
728
720
714
678
581
574
562
549
538
535
534
531
515
509
492
475
471
468
448
446
428
417
412
373
372
348
345
342
322
319
314
308
307
306
281
272
265
261
249
247
233
232
230
224
222
215
194
176
175
164
162
144
125
105
101
85
58
52
45
41
29
28
