3951
3950
3947
3946
3945
3944
3943
3942
3941
3940
3939
3938
3936
3935
3934
3933
3931
3929
3925
3924
3923
3922
3921
3920
3919
3915
3914
3913
3912
3909
3908
3907
3906
3905
3904
3903
3902
3901
3900
3899
3898
3895
3894
3892
3891
3890
3889
3888
3887
3886
3885
3884
3883
3881
3880
3879
3878
3876
3875
3874
3872
3870
3867
3866
3865
3864
3862
3860
3859
3858
3857
3856
3855
3854
3853
3851
3850
3849
3848
3847
3845
3843
3842
3840
3839
3838
3837
3833
3832
3831
3830
3829
3828
3824
3823
3822
3820
3818
3817
3816
3815
3813
3810
3808
3806
3805
3804
3803
3800
3799
3797
3796
3795
3794
3792
3790
3787
3786
3782
3781
3780
3779
3778
3777
3776
3775
3774
3772
3768
3767
3765
3762
3761
3759
3757
3756
3754
3750
3749
3748
3747
3746
3743
3739
3738
3737
3736
3734
3732
3731
3726
3725
3722
3721
3720
3719
3718
3716
3715
3714
3713
3711
3696
3695
3694
3692
3691
3690
3687
3680
3679
3678
3677
3674
3673
3670
3669
3667
3666
3665
3664
3663
3662
3661
3659
3658
3657
3656
3655
3653
3652
3651
3650
3648
3647
3646
3645
3644
3643
3642
3641
3640
3637
3636
3632
3631
3630
3628
3627
3626
3625
3622
3621
3620
3619
3616
3613
3612
3611
3610
3609
3607
3605
3604
3603
3602
3601
3600
3599
3598
3597
3596
3595
3594
3593
3592
3590
3589
3588
3587
3586
3585
3583
3582
3581
3580
3579
3577
3575
3574
3573
3572
3571
3570
3569
3568
3567
3564
3563
3562
3561
3560
3559
3558
3554
3553
3547
3544
3542
3541
3540
3539
3538
3537
3533
3532
3531
3530
3523
3522
3520
3518
3517
3515
3514
3511
3509
3503
3496
3495
3493
3492
3491
3490
3488
3487
3486
3485
3482
3474
3473
3472
3470
3465
3464
3463
3460
3459
3458
3457
3456
3455
3454
3453
3449
3447
3446
3443
3442
3437
3434
3433
3432
3431
3428
3427
3425
3423
3419
3417
3416
3415
3414
3413
3411
3410
3407
3406
3405
3403
3402
3401
3400
3399
3395
3393
3391
3390
3389
3383
3382
3381
3380
3379
3378
3377
3376
3375
3374
3373
3372
3371
3370
3369
3368
3367
3357
3356
3353
3352
3351
3350
3349
3348
3346
3345
3344
3343
3340
3339
3338
3337
3336
3335
3333
3332
3331
3330
3329
3327
3326
3325
3323
3322
3321
3320
3319
3318
3315
3314
3313
3312
3311
3310
3309
3306
3305
3304
3303
3302
3299
3297
3295
3294
3293
3292
3291
3290
3289
3288
3287
3286
3284
3283
3282
3281
3280
3279
3278
3277
3276
3275
3266
3245
3242
3241
3240
3239
3238
3237
3236
3235
3234
3233
3232
3231
3230
3229
3228
3227
3226
3225
3224
3223
3222
3221
3220
3218
3217
3216
3215
3214
3212
3211
3209
3207
3205
3202
3199
3195
3193
3192
3191
3190
3188
3187
3184
3183
3182
3180
3179
3177
3172
3171
3170
3166
3165
3164
3162
3161
3158
3154
3151
3150
3149
3144
3143
3142
3141
3140
3139
3138
3137
3136
3133
3132
3131
3130
3128
3127
3126
3124
3123
3122
3121
3119
3118
3117
3116
3115
3112
3110
3109
3106
3103
3096
3094
3092
3091
3086
3085
3084
3080
3079
3078
3077
3076
3075
3073
3069
3065
3064
3059
3058
3057
3056
3055
3054
3051
3050
3049
3048
3047
3046
3043
3042
3041
3038
3031
3027
3026
3025
3023
3021
3014
3013
3012
3010
3009
3008
3003
3002
3001
2999
2998
2996
2994
2992
2988
2984
2983
2982
2981
2980
2979
2978
2977
2975
2974
2972
2970
2969
2967
2965
2964
2963
2962
2960
2958
2957
2955
2954
2945
2943
2940
2939
2938
2937
2934
2933
2931
2930
2928
2927
2925
2924
2923
2920
2914
2913
2911
2910
2909
2906
2905
2904
2903
2897
2896
2895
2894
2893
2892
2888
2887
2886
2885
2884
2882
2880
2878
2876
2874
2873
2869
2868
2865
2864
2862
2856
2855
2854
2853
2850
2849
2848
2847
2845
2844
2843
2842
2839
2838
2837
2835
2834
2833
2832
2831
2830
2828
2825
2824
2823
2821
2820
2818
2817
2816
2814
2813
2812
2811
2810
2809
2807
2801
2800
2799
2790
2786
2785
2784
2783
2781
2780
2778
2777
2776
2775
2774
2773
2771
2769
2768
2767
2766
2765
2760
2758
2757
2756
2755
2754
2753
2751
2749
2748
2744
2743
2742
2741
2740
2738
2737
2733
2727
2726
2725
2721
2715
2714
2711
2708
2705
2704
2703
2698
2697
2696
2695
2691
2689
2685
2684
2682
2681
2680
2679
2678
2675
2674
2673
2669
2667
2666
2665
2663
2661
2659
2658
2656
2655
2653
2652
2651
2650
2649
2647
2646
2645
2638
2637
2636
2635
2634
2632
2631
2630
2629
2627
2626
2625
2624
2623
2621
2620
2619
2618
2614
2610
2609
2608
2607
2604
2603
2602
2601
2597
2595
2594
2593
2592
2591
2590
2589
2588
2587
2586
2585
2584
2582
2579
2578
2577
2576
2575
2573
2570
2569
2566
2564
2563
2562
2559
2557
2556
2555
2554
2552
2549
2548
2547
2546
2545
2544
2543
2538
2537
2536
2534
2526
2523
2522
2521
2519
2516
2515
2514
2512
2511
2510
2509
2508
2507
2503
2500
2499
2498
2495
2494
2493
2492
2491
2489
2488
2487
2486
2484
2483
2482
2481
2480
2479
2477
2466
2465
2464
2462
2461
2460
2452
2449
2446
2445
2444
2443
2441
2440
2438
2437
2436
2435
2434
2426
2425
2419
2417
2415
2400
2397
2392
2388
2386
2383
2368
2362
2361
2360
2358
2356
2351
2350
2347
2345
2343
2342
2341
2339
2337
2332
2330
2326
2323
2319
2317
2314
2310
2309
2308
2307
2306
2305
2304
2299
2298
2295
2293
2292
2290
2286
2285
2284
2283
2281
2280
2277
2276
2275
2274
2272
2271
2270
2267
2265
2264
2260
2258
2257
2256
2255
2254
2251
2250
2246
2244
2242
2239
2238
2237
2235
2234
2233
2230
2229
2228
2227
2226
2225
2224
2223
2222
2221
2220
2219
2218
2217
2216
2215
2214
2213
2212
2211
2210
2209
2207
2205
2204
2201
2200
2199
2198
2197
2196
2192
2191
2190
2189
2187
2185
2182
2181
2180
2179
2178
2177
2175
2173
2172
2170
2168
2165
2164
2158
2157
2156
2152
2149
2131
2129
2128
2127
2113
2104
2103
2101
2098
2086
2084
2079
2075
2074
2073
2069
2068
2066
2063
2062
2061
2057
2056
2055
2051
2049
2047
2045
2044
2041
2039
2037
2036
2035
2032
2031
2030
2029
2024
2008
2007
1998
1996
1993
1992
1990
1989
1988
1987
1986
1984
1981
1980
1979
1978
1943
1942
1941
1940
1937
1936
1935
1934
1933
1932
1930
1929
1928
1926
1925
1922
1919
1915
1910
1908
1906
1905
1904
1903
1902
1901
1900
1899
1898
1897
1896
1893
1891
1890
1889
1887
1886
1881
1880
1879
1878
1877
1874
1872
1871
1870
1869
1868
1867
1865
1864
1863
1861
1860
1859
1857
1856
1854
1853
1852
1851
1850
1849
1847
1846
1844
1843
1842
1841
1839
1838
1837
1836
1832
1830
1829
1828
1827
1826
1825
1824
1823
1822
1820
1819
1818
1817
1816
1815
1814
1813
1812
1811
1809
1808
1807
1803
1802
1800
1798
1796
1795
1793
1791
1790
1789
1788
1787
1786
1782
1781
1780
1778
1776
1775
1774
1773
1771
1770
1768
1767
1766
1765
1764
1763
1761
1760
1759
1758
1757
1756
1755
1751
1750
1749
1746
1745
1744
1743
1742
1741
1740
1739
1738
1737
1736
1733
1731
1728
1725
1724
1723
1720
1718
1716
1715
1714
1712
1710
1709
1708
1707
1706
1705
1703
1700
1699
1698
1697
1696
1695
1692
1691
1685
1684
1681
1679
1677
1675
1671
1670
1669
1668
1667
1666
1664
1662
1661
1659
1657
1656
1655
1654
1652
1651
1650
1646
1642
1640
1638
1637
1636
1634
1632
1631
1630
1629
1628
1626
1624
1623
1622
1621
1618
1613
1612
1609
1607
1606
1605
1604
1602
1601
1600
1599
1596
1595
1592
1585
1583
1582
1581
1579
1578
1577
1576
1575
1574
1572
1571
1570
1568
1567
1565
1564
1563
1561
1560
1559
1558
1557
1555
1554
1553
1551
1550
1549
1548
1547
1546
1545
1543
1540
1539
1538
1536
1535
1534
1533
1532
1531
1530
1529
1528
1526
1525
1524
1523
1522
1521
1520
1519
1516
1514
1512
1511
1510
1509
1508
1507
1506
1505
1504
1503
1502
1501
1497
1496
1495
1494
1493
1492
1491
1490
1489
1486
1484
1482
1481
1478
1477
1475
1473
1472
1471
1470
1469
1467
1465
1463
1462
1460
1458
1456
1455
1454
1452
1451
1450
1448
1447
1444
1443
1442
1440
1439
1437
1436
1435
1434
1433
1430
1428
1427
1426
1424
1423
1421
1420
1419
1418
1417
1415
1413
1412
1410
1406
1404
1403
1402
1400
1399
1398
1397
1386
1384
1383
1369
1368
1366
1365
1364
1362
1360
1355
1352
1351
1349
1341
1338
1337
1336
1335
1331
1329
1328
1326
1325
1324
1323
1322
1319
1318
1317
1316
1315
1314
1313
1312
1311
1310
1309
1308
1306
1305
1273
1255
1241
1239
1236
1232
1229
1216
1202
1195
1192
1190
1184
1182
1181
1180
1176
1174
1170
1169
1168
1167
1166
1165
1164
1163
1162
1161
1160
1159
1158
1157
1156
1155
1154
1153
1152
1151
1149
1146
1145
1144
1143
1142
1141
1140
1139
1138
1137
1134
1133
1123
1122
1121
1119
1118
1117
1116
1115
1114
1113
1112
1111
1110
1109
1108
1107
1106
1105
1102
1098
1087
1085
1076
1075
1074
1072
1071
1070
1069
1068
1067
1065
1063
1062
1058
1056
1055
1054
1053
1052
1051
1048
1046
1045
1044
1043
1040
1039
1038
1026
1008
1006
1004
1002
1001
1000
998
997
995
993
992
990
989
988
987
985
984
983
982
981
980
979
978
977
976
975
974
973
972
970
967
966
964
963
962
961
960
959
958
957
956
944
939
937
935
929
927
925
917
907
897
896
895
894
893
892
890
889
888
887
885
884
883
882
881
878
877
876
875
874
873
872
871
870
869
868
867
865
864
863
862
860
859
857
856
855
854
853
851
850
847
846
845
844
843
841
840
839
835
834
833
831
829
828
827
826
825
824
823
822
821
820
819
817
816
815
814
813
812
811
810
809
808
807
806
803
797
796
795
794
793
792
791
790
789
787
781
779
777
776
775
774
773
772
771
770
769
768
767
766
764
763
760
759
758
757
756
755
754
753
752
751
749
747
746
744
740
739
738
735
734
732
731
730
729
727
726
723
722
721
718
717
716
715
713
712
711
710
706
705
704
703
702
701
699
698
697
696
693
692
690
689
687
686
685
684
683
682
681
680
679
677
676
675
672
670
669
668
667
666
665
664
660
659
658
657
656
655
654
652
651
650
649
646
645
644
643
642
641
640
639
638
636
635
634
633
632
631
630
629
626
625
624
623
622
621
620
619
618
617
615
614
613
612
609
607
606
604
603
602
601
600
598
591
584
583
582
580
579
578
577
576
573
572
571
570
569
568
567
566
565
564
563
561
560
559
557
556
554
545
536
530
528
526
525
523
522
513
510
506
505
503
501
499
498
496
495
489
488
487
486
484
483
478
476
472
470
469
467
465
463
462
461
460
458
456
453
452
451
449
447
445
444
443
439
437
433
430
425
424
422
421
418
416
414
411
409
408
406
404
403
402
401
400
399
398
397
396
395
394
393
392
391
390
389
388
387
386
385
384
375
369
365
363
359
358
354
352
347
346
343
341
340
336
335
334
331
326
325
324
323
321
320
313
312
311
310
309
305
304
302
301
299
298
297
295
294
291
290
287
286
285
284
283
279
278
275
274
271
270
269
268
264
263
258
255
254
251
250
245
244
243
242
241
240
238
229
228
226
221
220
219
217
214
213
212
211
210
209
206
205
202
201
200
199
197
192
191
190
189
187
184
183
182
181
179
178
174
171
169
167
166
159
156
155
152
149
148
146
143
142
139
138
137
136
134
133
132
131
130
129
128
127
126
124
123
121
120
119
118
117
116
115
114
113
109
108
106
103
102
99
98
97
96
93
92
91
90
87
84
83
82
80
79
78
77
75
74
72
71
68
67
66
64
63
61
59
57
56
55
54
53
51
49
43
40
38
37
35
33
30
27
26
13
9
8
