3937
3932
3930
3928
3927
3926
3918
3917
3896
3882
3877
3861
3846
3841
3835
3834
3826
3825
3821
3807
3802
3784
3773
3771
3770
3769
3766
3764
3760
3758
3729
3727
3723
3710
3709
3708
3707
3705
3693
3689
3682
3676
3672
3660
3649
3615
3584
3576
3565
3557
3550
3534
3529
3519
3513
3506
3502
3501
3500
3497
3484
3483
3480
3478
3477
3466
3452
3445
3444
3440
3439
3436
3430
3420
3412
3404
3394
3392
3388
3387
3385
3355
3324
3316
3285
3272
3270
3268
3262
3248
3243
3213
3208
3206
3197
3189
3181
3159
3157
3156
3155
3153
3146
3120
3102
3066
3063
3053
3045
3036
3032
3029
3028
3024
3018
3017
3016
3015
3004
2995
2961
2956
2953
2950
2942
2922
2907
2902
2901
2900
2899
2898
2891
2889
2879
2877
2875
2867
2861
2860
2851
2846
2840
2836
2829
2827
2822
2815
2808
2806
2805
2802
2798
2796
2793
2789
2787
2782
2772
2752
2736
2720
2719
2718
2713
2709
2702
2676
2672
2668
2660
2654
2643
2639
2633
2622
2615
2613
2606
2596
2574
2568
2561
2560
2558
2553
2551
2550
2540
2535
2532
2531
2530
2525
2524
2520
2518
2517
2513
2506
2505
2504
2497
2485
2476
2475
2473
2472
2468
2459
2458
2457
2456
2453
2451
2450
2448
2447
2432
2430
2429
2422
2418
2412
2408
2404
2399
2389
2387
2385
2382
2381
2380
2379
2377
2374
2373
2372
2370
2367
2365
2364
2363
2354
2344
2340
2338
2328
2327
2325
2322
2320
2316
2315
2296
2279
2269
2266
2263
2262
2261
2259
2252
2249
2241
2240
2236
2232
2195
2188
2169
2166
2163
2162
2159
2154
2153
2151
2148
2147
2142
2138
2136
2135
2123
2122
2121
2120
2119
2117
2114
2107
2106
2102
2099
2097
2095
2093
2092
2091
2090
2089
2083
2082
2077
2072
2071
2060
2059
2053
2052
2050
2048
2043
2042
2040
2038
2034
2033
2027
2026
2025
2017
2016
2014
2004
1999
1995
1991
1985
1983
1977
1976
1975
1974
1973
1972
1971
1970
1969
1951
1924
1920
1895
1888
1873
1866
1862
1858
1855
1848
1840
1833
1821
1806
1804
1799
1797
1785
1783
1772
1762
1753
1752
1735
1727
1726
1713
1702
1689
1688
1686
1665
1658
1647
1627
1619
1615
1603
1598
1593
1588
1556
1541
1515
1499
1498
1488
1487
1483
1474
1468
1464
1461
1457
1453
1445
1438
1432
1431
1429
1425
1422
1416
1414
1401
1390
1389
1388
1382
1381
1367
1363
1359
1353
1346
1342
1334
1332
1330
1327
1290
1286
1218
1205
1194
1191
1130
1128
1126
1083
1064
1034
1033
1031
1030
1024
1023
1021
1018
1017
1016
1015
1014
1013
1012
1011
1010
1009
1007
1005
1003
999
996
991
986
941
932
891
886
880
879
861
848
842
837
836
830
818
804
801
799
798
782
765
762
761
743
742
741
737
725
719
709
707
700
695
694
691
688
663
662
637
627
616
611
605
575
558
550
548
547
546
544
542
540
537
533
532
521
519
518
516
512
511
504
502
493
491
490
482
481
479
477
473
464
459
455
450
438
436
429
427
426
423
420
419
415
413
407
405
383
382
381
378
374
371
366
362
361
360
355
351
338
332
330
328
327
315
289
282
280
277
276
273
267
262
259
257
256
248
239
237
236
234
227
225
218
207
204
203
195
193
188
186
177
158
157
147
140
135
122
107
100
94
89
88
86
81
76
73
65
60
48
46
44
42
31
23
20
19
18
15
14
12
5
4
