6006
5995
5991
5925
5887
5857
5851
5843
5771
5762
5705
5668
5650
5644
5574
5558
5524
5505
5430
5420
5408
5406
5361
5352
5337
5302
5282
5200
5190
5188
5158
5138
5114
5109
5106
5084
5065
5063
5061
5023
5001
4983
4934
4930
4902
4855
4830
4718
4704
4700
4697
4645
4633
4572
4566
4561
4556
4541
4456
4361
4360
4323
4315
4294
4096
4086
3979
3887
3858
3687
3597
3486
3477
3458
3378
3196
3095
3025
2999
2985
2873
2848
2810
2769
2766
2734
2718
2699
2648
2571
2462
2444
2386
2350
2346
2258
2255
2248
2177
2157
2147
2125
2100
2091
2071
2068
2035
2003
1938
1858
1850
1728
1657
1556
1507
1506
1495
1481
1476
1434
1427
1359
1348
1344
1337
1314
1311
1271
1220
1114
1092
1054
1034
956
926
890
822
800
798
793
764
753
662
634
629
626
614
583
556
544
541
500
490
470
340
310
233
184
178
119
114
109
92
78
75
44
1
