5972
5786
5779
5717
5689
5623
5621
5580
5536
5482
5475
5397
5364
5281
5163
5156
5131
5091
4887
4823
4786
4715
4708
4626
4600
4578
4560
4517
4480
4478
4384
4381
4379
4335
4318
4258
4215
4060
4058
4028
4026
4007
3971
3900
3773
3769
3746
3729
3717
3713
3709
3685
3679
3669
3641
3590
3558
3557
3550
3519
3513
3475
3462
3423
3336
3285
3280
3208
3182
3180
3129
3082
3031
2900
2895
2818
2786
2776
2683
2679
2664
2645
2641
2638
2611
2489
2484
2472
2446
2436
2419
2414
2380
2223
2172
2153
2105
2102
2023
2020
1922
1889
1712
1639
1587
1584
1546
1530
1457
1426
1390
1124
1040
963
955
929
735
676
669
631
453
442
412
409
402
392
301
272
261
192
181
169
166
151
123
36
