6039
6037
6032
6014
5986
5981
5958
5952
5942
5939
5922
5902
5889
5861
5846
5845
5815
5806
5805
5777
5770
5757
5752
5750
5736
5724
5721
5680
5661
5629
5616
5594
5582
5573
5571
5566
5545
5542
5540
5537
5528
5526
5513
5494
5470
5469
5464
5463
5454
5446
5432
5427
5423
5419
5355
5353
5344
5310
5291
5265
5261
5260
5257
5255
5253
5252
5209
5201
5195
5180
5166
5165
5164
5157
5134
5132
5128
5098
5097
5086
5082
5064
5048
5025
5024
5019
5013
4984
4973
4947
4946
4945
4940
4907
4905
4870
4865
4858
4856
4854
4847
4843
4833
4826
4817
4815
4809
4807
4795
4782
4780
4779
4772
4762
4744
4738
4735
4734
4717
4714
4694
4687
4686
4685
4681
4654
4634
4631
4598
4595
4584
4577
4573
4551
4526
4522
4476
4468
4438
4401
4367
4286
4234
4233
4222
4221
4195
4187
4170
4152
4134
4103
4084
4029
4015
3981
3978
3912
3898
3891
3889
3888
3852
3832
3813
3810
3804
3790
3755
3732
3718
3699
3686
3682
3674
3635
3629
3622
3615
3596
3586
3567
3543
3515
3514
3505
3501
3474
3468
3460
3435
3426
3417
3413
3390
3374
3346
3344
3329
3323
3318
3306
3304
3270
3253
3251
3248
3233
3226
3220
3211
3210
3175
3171
3155
3142
3135
3093
3053
3036
3020
2991
2978
2975
2964
2952
2942
2917
2874
2862
2849
2838
2826
2825
2811
2805
2803
2798
2794
2788
2779
2773
2760
2757
2736
2733
2726
2719
2703
2695
2693
2676
2659
2619
2609
2607
2593
2585
2579
2555
2550
2547
2546
2486
2481
2477
2476
2410
2407
2393
2370
2355
2349
2342
2335
2332
2324
2281
2247
2243
2241
2171
2121
2072
2055
2039
2002
1972
1947
1940
1905
1896
1895
1890
1874
1863
1843
1802
1797
1796
1791
1768
1740
1734
1692
1649
1648
1618
1607
1570
1569
1567
1555
1551
1547
1545
1540
1525
1513
1511
1446
1437
1401
1387
1386
1378
1374
1361
1352
1331
1324
1323
1315
1288
1267
1252
1223
1191
1183
1170
1162
1161
1147
1131
1073
1072
1067
1062
1052
1041
1038
1036
1021
965
958
931
928
914
873
864
862
857
829
811
769
750
711
682
677
671
670
656
645
641
635
622
591
537
529
515
498
469
466
451
450
444
419
408
390
347
339
333
330
327
307
299
297
291
285
270
266
265
238
205
193
183
120
107
97
88
81
67
59
35
28
27
