6011
6010
6000
5957
5955
5917
5908
5862
5847
5824
5767
5765
5738
5720
5698
5664
5645
5634
5576
5570
5568
5555
5543
5523
5519
5512
5472
5443
5412
5345
5319
5283
5268
5142
5140
5103
5035
5002
5000
4958
4918
4897
4889
4800
4788
4658
4635
4591
4585
4535
4524
4523
4507
4472
4470
4446
4422
4342
4287
4279
4265
4213
4156
4150
4126
4124
4112
4107
4077
4049
4042
4022
4006
3993
3992
3953
3951
3934
3929
3892
3853
3847
3833
3816
3807
3780
3771
3726
3715
3695
3665
3654
3652
3624
3589
3569
3512
3499
3416
3414
3389
3365
3353
3314
3309
3265
3101
3081
3056
3055
3044
2996
2995
2994
2941
2938
2899
2888
2796
2761
2756
2599
2583
2576
2566
2457
2456
2454
2411
2242
2195
2180
2165
2164
2156
2148
2145
2090
2088
2054
2042
2016
2012
1930
1904
1820
1790
1776
1757
1746
1714
1675
1624
1600
1496
1395
1377
1299
1230
1221
1017
1004
996
949
937
817
791
788
780
777
765
744
716
713
712
639
566
536
476
475
343
338
284
271
264
255
204
198
139
118
117
73
42
22
19
18
10
