6038
6034
6031
6029
6028
6027
6020
6019
6017
6012
6008
6005
6004
5999
5993
5987
5983
5979
5977
5975
5968
5967
5962
5959
5945
5944
5943
5941
5936
5935
5934
5932
5929
5928
5923
5921
5918
5914
5909
5907
5904
5901
5900
5899
5898
5897
5895
5877
5876
5870
5868
5866
5864
5863
5859
5856
5850
5849
5839
5836
5835
5834
5830
5828
5822
5821
5820
5819
5817
5816
5814
5810
5804
5803
5802
5800
5799
5796
5793
5789
5783
5781
5774
5773
5772
5768
5764
5760
5756
5743
5742
5741
5740
5739
5737
5735
5732
5729
5725
5719
5714
5713
5711
5703
5700
5697
5696
5695
5694
5693
5690
5681
5673
5672
5669
5666
5665
5662
5660
5658
5656
5651
5642
5640
5639
5637
5635
5633
5631
5628
5619
5612
5611
5609
5608
5606
5601
5597
5591
5590
5589
5588
5586
5584
5579
5577
5564
5563
5562
5552
5551
5549
5546
5541
5534
5533
5532
5529
5527
5525
5515
5514
5509
5506
5503
5500
5487
5486
5481
5478
5477
5476
5471
5467
5465
5461
5456
5440
5439
5436
5435
5425
5417
5416
5415
5411
5410
5409
5407
5402
5400
5398
5392
5391
5388
5385
5384
5383
5381
5380
5379
5377
5375
5373
5372
5370
5362
5360
5358
5356
5354
5351
5348
5346
5343
5334
5330
5328
5326
5325
5320
5315
5314
5313
5311
5309
5308
5304
5303
5299
5297
5295
5292
5290
5288
5280
5279
5274
5267
5266
5262
5259
5258
5245
5244
5243
5240
5238
5237
5235
5231
5228
5224
5221
5218
5216
5215
5214
5213
5212
5210
5207
5206
5204
5203
5202
5199
5197
5192
5191
5189
5179
5176
5175
5174
5171
5170
5168
5162
5160
5159
5155
5154
5152
5150
5149
5147
5146
5145
5144
5133
5130
5125
5123
5122
5119
5117
5116
5110
5105
5101
5095
5093
5092
5089
5080
5079
5073
5069
5068
5067
5066
5062
5058
5055
5052
5051
5045
5043
5033
5028
5027
5022
5017
5012
5010
5007
5006
5004
5003
4997
4996
4993
4992
4991
4990
4988
4987
4986
4982
4976
4974
4971
4970
4969
4968
4960
4955
4949
4944
4943
4941
4936
4935
4931
4929
4926
4925
4924
4923
4920
4919
4916
4913
4912
4910
4903
4900
4896
4895
4894
4891
4885
4883
4881
4880
4878
4876
4874
4873
4872
4871
4864
4863
4860
4857
4853
4851
4850
4846
4844
4842
4839
4838
4836
4828
4825
4822
4820
4818
4812
4811
4805
4804
4797
4792
4787
4783
4781
4778
4777
4776
4775
4770
4769
4767
4766
4764
4763
4761
4760
4759
4758
4756
4755
4753
4752
4751
4749
4743
4741
4740
4730
4727
4724
4723
4722
4719
4716
4713
4712
4710
4707
4703
4702
4698
4696
4695
4693
4692
4691
4690
4684
4683
4677
4676
4672
4669
4667
4665
4660
4657
4652
4651
4649
4646
4642
4639
4638
4636
4630
4628
4622
4616
4614
4613
4612
4604
4603
4599
4597
4594
4588
4587
4583
4582
4576
4575
4574
4570
4565
4564
4559
4558
4557
4555
4554
4553
4549
4548
4547
4546
4545
4544
4542
4539
4538
4537
4536
4533
4530
4529
4527
4525
4519
4515
4513
4504
4503
4500
4495
4493
4492
4486
4481
4479
4475
4474
4469
4465
4464
4463
4462
4454
4453
4445
4443
4442
4441
4434
4432
4431
4429
4427
4426
4424
4423
4421
4420
4419
4413
4410
4405
4402
4400
4399
4398
4396
4395
4393
4392
4391
4385
4383
4372
4369
4366
4365
4358
4357
4350
4349
4348
4346
4341
4340
4338
4336
4332
4331
4330
4325
4324
4321
4319
4316
4314
4311
4307
4306
4304
4301
4300
4297
4295
4293
4288
4283
4282
4278
4276
4275
4273
4270
4264
4262
4259
4257
4256
4255
4254
4252
4249
4246
4244
4231
4230
4229
4228
4218
4216
4214
4211
4209
4208
4206
4205
4202
4201
4199
4198
4197
4196
4192
4191
4189
4188
4185
4184
4180
4178
4176
4174
4166
4165
4164
4163
4159
4158
4157
4155
4154
4151
4149
4146
4145
4143
4142
4136
4133
4129
4128
4125
4123
4119
4113
4111
4110
4109
4108
4106
4105
4102
4100
4097
4095
4075
4074
4073
4069
4068
4065
4063
4061
4059
4057
4056
4052
4051
4047
4046
4045
4039
4038
4037
4031
4025
4023
4019
4017
4012
4011
4010
4008
4003
4002
4000
3990
3986
3982
3980
3977
3975
3972
3969
3966
3964
3962
3960
3959
3956
3952
3950
3949
3944
3941
3939
3936
3933
3932
3928
3926
3924
3919
3918
3915
3911
3907
3897
3895
3893
3883
3880
3879
3877
3876
3873
3870
3869
3867
3866
3865
3863
3862
3856
3844
3843
3839
3838
3826
3817
3814
3806
3805
3803
3802
3801
3800
3798
3797
3795
3793
3788
3787
3785
3783
3779
3772
3767
3765
3764
3753
3750
3748
3747
3744
3743
3740
3739
3738
3734
3730
3725
3722
3714
3708
3707
3703
3692
3680
3677
3670
3668
3667
3662
3657
3656
3655
3649
3647
3644
3642
3640
3636
3634
3633
3632
3627
3623
3617
3616
3613
3606
3604
3602
3598
3595
3587
3584
3583
3582
3581
3577
3575
3574
3573
3570
3566
3554
3552
3549
3548
3545
3544
3542
3541
3537
3535
3530
3528
3527
3523
3508
3496
3495
3492
3488
3485
3480
3478
3472
3467
3466
3465
3463
3459
3455
3448
3446
3444
3443
3440
3433
3431
3429
3427
3421
3409
3407
3406
3405
3404
3398
3397
3396
3392
3388
3385
3384
3383
3382
3381
3376
3375
3373
3372
3369
3366
3362
3360
3359
3355
3354
3352
3351
3350
3348
3343
3338
3335
3330
3326
3325
3324
3322
3319
3316
3307
3303
3293
3291
3289
3288
3287
3286
3284
3282
3278
3276
3275
3273
3268
3264
3258
3255
3254
3249
3247
3245
3244
3241
3238
3236
3234
3232
3225
3222
3221
3215
3214
3212
3198
3197
3190
3188
3187
3186
3181
3179
3176
3168
3166
3165
3160
3156
3153
3152
3149
3146
3144
3141
3139
3136
3133
3132
3131
3127
3124
3122
3117
3115
3113
3111
3109
3107
3104
3103
3102
3098
3097
3091
3089
3084
3083
3078
3076
3071
3070
3068
3064
3063
3062
3061
3060
3059
3049
3043
3040
3039
3034
3030
3027
3021
3019
3016
3015
3009
3008
2998
2993
2992
2984
2982
2981
2979
2977
2971
2965
2963
2961
2960
2956
2950
2948
2940
2936
2932
2930
2927
2925
2923
2922
2920
2912
2910
2908
2904
2902
2893
2892
2884
2879
2877
2871
2869
2867
2858
2856
2855
2850
2843
2842
2836
2835
2834
2831
2830
2829
2827
2823
2822
2821
2819
2816
2815
2813
2806
2799
2797
2791
2782
2775
2770
2767
2763
2762
2759
2758
2755
2744
2741
2735
2732
2729
2728
2725
2722
2721
2720
2717
2716
2715
2714
2713
2711
2710
2709
2707
2706
2705
2704
2702
2698
2696
2694
2690
2687
2686
2682
2678
2677
2675
2673
2672
2671
2667
2662
2660
2657
2653
2650
2647
2646
2644
2640
2639
2635
2632
2626
2625
2623
2622
2618
2616
2614
2613
2612
2610
2602
2601
2598
2597
2596
2591
2588
2587
2586
2584
2582
2578
2577
2574
2569
2563
2560
2558
2556
2554
2553
2549
2545
2543
2542
2538
2536
2535
2534
2532
2531
2530
2528
2527
2524
2520
2519
2518
2517
2516
2514
2512
2511
2510
2509
2505
2502
2498
2495
2494
2490
2488
2487
2483
2482
2479
2475
2474
2473
2471
2470
2467
2464
2460
2452
2451
2450
2449
2443
2442
2441
2440
2439
2437
2434
2433
2432
2431
2430
2426
2425
2423
2422
2418
2417
2416
2415
2413
2412
2408
2405
2400
2399
2397
2391
2390
2388
2385
2384
2381
2379
2377
2375
2373
2371
2369
2367
2366
2365
2364
2363
2362
2361
2360
2358
2357
2356
2352
2347
2345
2343
2341
2339
2336
2329
2328
2327
2326
2320
2319
2318
2315
2312
2311
2306
2305
2301
2300
2297
2296
2295
2294
2292
2291
2289
2287
2285
2277
2274
2273
2269
2268
2267
2260
2257
2253
2252
2250
2249
2245
2234
2229
2226
2224
2220
2218
2217
2216
2213
2210
2209
2207
2204
2202
2200
2197
2191
2183
2182
2169
2160
2159
2155
2154
2152
2151
2150
2149
2144
2141
2139
2138
2135
2133
2130
2128
2123
2117
2115
2113
2111
2108
2107
2104
2099
2094
2093
2089
2087
2083
2081
2080
2074
2069
2066
2065
2062
2061
2053
2052
2049
2048
2045
2044
2037
2036
2034
2033
2032
2028
2014
2007
2006
1999
1997
1994
1993
1991
1990
1989
1987
1986
1981
1979
1977
1975
1973
1971
1970
1967
1966
1965
1964
1959
1957
1956
1953
1945
1942
1936
1935
1933
1931
1929
1927
1923
1921
1919
1918
1915
1914
1913
1911
1910
1907
1906
1898
1893
1892
1888
1886
1885
1881
1877
1872
1869
1868
1867
1864
1859
1857
1849
1848
1847
1846
1844
1840
1838
1834
1832
1830
1829
1827
1823
1821
1818
1816
1815
1814
1813
1810
1808
1801
1798
1795
1792
1788
1787
1786
1785
1784
1783
1781
1777
1774
1772
1771
1766
1763
1760
1754
1751
1750
1747
1743
1742
1735
1732
1731
1730
1729
1725
1721
1720
1719
1718
1715
1713
1711
1708
1705
1704
1703
1700
1691
1686
1682
1674
1672
1669
1668
1664
1662
1661
1660
1659
1656
1654
1653
1652
1651
1646
1642
1638
1633
1630
1627
1625
1622
1621
1620
1619
1615
1614
1612
1610
1604
1603
1596
1590
1582
1581
1580
1578
1576
1575
1574
1573
1568
1566
1565
1562
1559
1558
1557
1554
1553
1550
1549
1541
1539
1537
1536
1535
1534
1531
1529
1527
1526
1520
1518
1517
1515
1512
1510
1508
1504
1494
1493
1488
1487
1485
1480
1479
1478
1477
1471
1469
1462
1461
1460
1459
1456
1455
1454
1452
1445
1444
1443
1441
1439
1435
1433
1431
1429
1428
1424
1419
1417
1416
1412
1410
1406
1405
1398
1397
1394
1388
1385
1384
1382
1381
1379
1372
1371
1368
1365
1364
1363
1357
1355
1353
1351
1346
1342
1341
1336
1332
1330
1327
1319
1318
1316
1313
1310
1309
1307
1305
1302
1295
1292
1289
1283
1282
1278
1277
1275
1270
1259
1258
1257
1256
1254
1253
1250
1249
1247
1240
1237
1236
1234
1229
1226
1225
1217
1214
1213
1212
1210
1208
1198
1197
1192
1190
1189
1188
1187
1185
1180
1178
1175
1174
1171
1166
1163
1158
1157
1156
1154
1152
1145
1144
1143
1136
1126
1123
1118
1115
1111
1108
1107
1106
1103
1102
1098
1095
1091
1089
1085
1083
1081
1080
1076
1075
1070
1061
1060
1056
1049
1046
1045
1043
1042
1039
1037
1028
1027
1026
1024
1023
1014
1013
1012
1011
1009
1007
1006
1003
997
995
994
993
992
991
989
986
983
982
974
972
969
967
951
950
947
946
942
941
938
932
925
923
917
913
912
910
909
908
907
906
902
901
900
898
893
892
888
886
883
879
878
874
872
870
868
867
866
865
860
856
852
851
844
841
837
836
835
834
833
831
827
826
825
821
814
813
807
806
805
804
799
797
794
790
784
782
775
771
768
763
762
761
760
759
758
756
751
747
745
741
740
738
730
723
719
717
709
708
707
705
703
700
693
688
686
683
681
672
668
665
658
653
652
650
642
640
632
628
627
625
619
618
617
616
612
607
606
603
600
599
596
592
589
586
584
581
580
578
576
574
573
572
569
568
565
564
562
561
559
555
553
552
548
545
542
540
538
535
534
527
525
521
519
512
511
507
504
503
502
501
497
495
491
489
488
487
486
485
483
473
468
467
465
464
460
458
455
449
448
447
446
443
440
437
434
433
432
430
428
427
421
420
418
417
414
407
405
401
400
397
395
394
393
391
387
384
383
382
381
379
378
375
374
373
367
365
364
363
362
361
360
358
357
356
353
348
345
341
335
334
328
325
324
322
320
318
317
315
313
312
311
305
304
298
296
294
292
290
286
283
282
280
279
278
277
276
269
254
253
252
251
250
248
247
246
243
234
228
226
221
219
217
215
213
211
209
207
206
200
197
196
194
191
189
185
180
172
171
168
167
164
160
158
155
153
152
144
142
141
140
138
128
126
124
122
115
113
112
110
108
106
98
94
89
86
85
84
80
79
74
72
71
66
64
61
60
57
55
54
51
50
47
46
41
40
37
32
30
21
20
16
14
12
6
4
3
