5961
5915
5881
5872
5854
5785
5780
5663
5659
5657
5492
5491
5453
5428
5426
5365
5347
5324
5250
5249
5205
5143
5136
5121
5099
5083
5029
4953
4789
4736
4520
4505
4491
4460
4407
4404
4390
4375
4343
4329
4310
4250
4217
4183
4141
4117
4116
4094
4088
4062
4055
4005
3970
3965
3946
3913
3868
3859
3850
3836
3827
3757
3716
3691
3690
3689
3643
3630
3625
3620
3612
3610
3599
3591
3540
3536
3509
3464
3454
3450
3441
3434
3412
3327
3315
3243
3205
3192
3191
3147
3125
3121
3069
3065
3051
3001
2972
2946
2931
2926
2903
2896
2847
2840
2824
2814
2771
2743
2700
2629
2621
2559
2540
2504
2395
2378
2261
2232
2215
2166
2131
2129
2120
2098
2060
2051
2047
2022
2017
2010
1968
1962
1928
1902
1879
1807
1806
1803
1800
1794
1793
1759
1696
1666
1655
1641
1616
1606
1601
1542
1524
1516
1509
1502
1470
1466
1399
1380
1356
1329
1207
1193
1184
1173
1151
1146
1142
1125
1097
1096
1086
1084
1050
999
970
935
922
897
854
818
781
774
757
746
718
687
647
474
426
403
372
368
355
349
337
321
306
273
268
258
242
223
199
163
147
137
90
15
