5992
5989
5965
5940
5933
5919
5891
5883
5867
5855
5818
5791
5784
5751
5727
5692
5685
5587
5544
5508
5507
5496
5495
5462
5459
5455
5444
5395
5378
5374
5357
5316
5285
5247
5246
5229
5208
5181
5151
5137
5036
5030
4938
4841
4827
4803
4721
4720
4689
4679
4678
4664
4648
4629
4624
4623
4586
4550
4528
4514
4498
4455
4444
4439
4435
4428
4414
4409
4397
4394
4380
4371
4359
4308
4296
4292
4280
4267
4266
4263
4241
4236
4232
4226
4135
4087
4067
4044
4035
4024
4014
3991
3987
3973
3938
3925
3920
3909
3901
3899
3875
3851
3818
3794
3745
3728
3723
3719
3698
3638
3637
3628
3619
3605
3571
3524
3497
3494
3479
3438
3395
3379
3342
3337
3333
3332
3302
3298
3296
3295
3290
3267
3256
3252
3235
3223
3219
3218
3206
3194
3193
3164
3150
3137
3120
3094
3046
3041
3023
3006
2988
2987
2973
2959
2958
2954
2953
2949
2924
2891
2883
2881
2865
2864
2861
2851
2839
2833
2828
2802
2801
2780
2739
2708
2697
2655
2637
2633
2630
2615
2568
2551
2548
2508
2501
2499
2480
2469
2448
2427
2401
2392
2382
2359
2325
2317
2314
2308
2298
2286
2283
2278
2275
2212
2199
2196
2193
2189
2184
2103
2095
2086
2085
2076
2075
2058
2057
2043
2040
2031
2019
2005
2001
1955
1944
1934
1900
1878
1876
1862
1854
1831
1811
1809
1789
1782
1779
1769
1765
1756
1745
1738
1710
1702
1690
1688
1679
1678
1677
1644
1636
1608
1602
1583
1572
1563
1548
1544
1533
1528
1519
1486
1482
1467
1453
1438
1436
1432
1411
1376
1375
1370
1366
1334
1300
1290
1286
1280
1269
1261
1251
1238
1222
1204
1201
1200
1195
1160
1153
1149
1110
1055
1025
1008
1005
978
976
961
944
940
920
903
896
895
875
871
842
838
828
815
812
789
787
779
773
772
734
704
694
684
680
675
667
657
648
644
643
633
621
598
597
582
554
514
506
492
484
459
423
416
399
376
370
354
344
323
274
227
218
188
186
159
154
145
143
135
116
104
102
83
77
70
63
43
39
