6003
6002
5990
5980
5978
5950
5890
5787
5755
5667
5567
5553
5441
5277
5113
5085
5018
4956
4942
4906
4904
4882
4852
4765
4666
4661
4502
4497
4490
4473
4457
4373
4356
4328
4303
4271
4253
4207
4204
4193
4090
4079
4072
4053
4016
3957
3930
3910
3864
3825
3760
3754
3751
3727
3658
3651
3621
3588
3576
3476
3469
3453
3394
3393
3356
3300
3201
3110
3108
2962
2901
2731
2670
2643
2624
2605
2592
2567
2537
2526
2496
2478
2465
2402
2348
2303
2293
2279
2271
2251
2244
2225
2211
2140
2064
1861
1860
1748
1693
1667
1592
1591
1586
1503
1392
1343
1325
1268
1216
1182
1140
1130
1119
975
948
824
796
749
702
646
637
624
461
366
326
314
300
157
33
