6035
6025
6013
6009
5998
5988
5985
5976
5974
5966
5949
5946
5927
5913
5910
5896
5885
5871
5833
5832
5827
5825
5807
5792
5790
5766
5748
5746
5745
5730
5718
5710
5707
5704
5702
5688
5674
5655
5652
5649
5641
5638
5618
5610
5602
5599
5598
5572
5561
5559
5548
5521
5516
5502
5499
5498
5489
5483
5460
5442
5438
5431
5429
5424
5421
5405
5401
5393
5366
5340
5331
5296
5293
5284
5276
5275
5254
5251
5241
5236
5233
5198
5196
5183
5148
5139
5115
5081
5057
5050
5039
5037
5031
5016
4989
4967
4963
4952
4937
4927
4914
4911
4877
4875
4845
4840
4835
4793
4773
4768
4757
4726
4701
4662
4644
4643
4641
4620
4619
4617
4615
4608
4606
4605
4602
4590
4580
4571
4567
4518
4516
4499
4496
4485
4483
4452
4430
4412
4403
4382
4376
4370
4347
4326
4309
4299
4290
4274
4237
4235
4225
4181
4172
4168
4162
4099
4076
4066
4043
4036
3985
3974
3958
3943
3927
3921
3917
3908
3890
3882
3872
3861
3854
3848
3835
3831
3830
3791
3786
3784
3781
3774
3758
3749
3736
3721
3720
3711
3700
3659
3609
3608
3560
3551
3538
3533
3532
3525
3506
3504
3502
3498
3470
3457
3452
3451
3424
3418
3387
3386
3364
3357
3347
3341
3340
3334
3331
3328
3310
3305
3297
3294
3262
3250
3246
3240
3239
3237
3229
3213
3207
3200
3185
3184
3177
3174
3172
3154
3143
3130
3126
3106
3100
3088
3086
3079
3074
3066
3057
3042
3037
3035
3014
3007
3004
2980
2974
2970
2968
2957
2951
2947
2945
2937
2933
2911
2898
2882
2870
2863
2859
2844
2817
2800
2738
2724
2692
2674
2669
2666
2663
2658
2654
2642
2636
2628
2617
2603
2600
2570
2564
2561
2557
2533
2485
2461
2459
2438
2406
2398
2396
2387
2372
2351
2333
2331
2322
2280
2276
2266
2238
2236
2235
2230
2221
2219
2206
2190
2187
2179
2174
2161
2158
2142
2136
2112
2082
2078
2070
2027
2009
2000
1982
1976
1963
1954
1951
1949
1946
1932
1924
1909
1908
1894
1865
1845
1841
1833
1828
1825
1824
1804
1799
1773
1739
1724
1716
1707
1684
1670
1663
1634
1626
1593
1585
1577
1561
1532
1521
1492
1475
1458
1450
1407
1402
1400
1393
1360
1350
1347
1345
1326
1308
1296
1293
1287
1281
1255
1248
1241
1239
1235
1231
1227
1218
1205
1196
1177
1168
1167
1139
1138
1109
1104
1099
1094
1090
1079
1078
1065
1064
1048
1035
1032
1022
1016
1002
998
968
966
964
962
960
959
952
943
936
933
930
927
918
887
884
848
845
795
754
736
733
728
726
725
724
722
706
701
673
666
659
654
620
611
608
605
595
593
590
570
546
493
480
478
452
439
413
404
389
371
350
332
309
303
287
281
267
259
257
239
232
229
214
203
201
182
156
133
111
99
96
95
82
76
69
56
38
11
9
8
5
