6022
6015
5969
5960
5951
5937
5930
5912
5905
5893
5860
5829
5798
5794
5782
5761
5758
5728
5691
5676
5671
5646
5625
5622
5613
5607
5603
5578
5575
5547
5538
5480
5479
5422
5414
5341
5327
5322
5287
5286
5272
5248
5194
5185
5178
5135
5126
5076
5060
5056
5044
5041
5032
5009
4999
4998
4954
4939
4922
4917
4909
4890
4866
4859
4849
4837
4832
4814
4813
4799
4794
4754
4746
4745
4739
4737
4731
4709
4688
4674
4650
4632
4627
4625
4610
4596
4592
4589
4581
4563
4540
4467
4466
4440
4389
4378
4289
4281
4269
4260
4251
4240
4220
4194
4179
4175
4171
4137
4120
4092
4091
4082
4081
4071
4034
4030
3994
3988
3983
3948
3935
3922
3904
3903
3881
3871
3857
3846
3840
3815
3811
3782
3776
3775
3766
3759
3742
3710
3706
3696
3694
3672
3664
3639
3614
3593
3572
3561
3559
3531
3517
3500
3489
3484
3439
3437
3432
3422
3415
3345
3339
3321
3269
3204
3170
3161
3157
3148
3145
3138
3114
3090
3073
3058
2976
2944
2916
2915
2914
2905
2885
2853
2846
2809
2785
2778
2768
2754
2751
2747
2746
2723
2689
2688
2685
2681
2680
2668
2661
2652
2649
2631
2606
2604
2580
2552
2541
2525
2513
2503
2497
2492
2458
2447
2429
2428
2409
2404
2394
2321
2316
2310
2290
2256
2214
2198
2170
2134
2127
2118
2110
2096
2067
2046
2029
2024
1995
1992
1978
1952
1871
1866
1853
1822
1770
1744
1736
1709
1706
1687
1683
1681
1631
1595
1594
1588
1538
1500
1423
1404
1391
1367
1339
1321
1294
1276
1263
1262
1232
1209
1169
1148
1129
1116
1100
1066
1044
1029
988
916
861
849
847
843
832
823
809
776
766
743
732
715
697
691
685
638
613
579
523
517
513
494
481
479
463
410
406
396
388
380
369
275
263
249
244
237
231
220
212
176
132
91
68
34
31
24
