6030
6026
6018
5997
5984
5973
5970
5953
5947
5911
5892
5884
5882
5865
5853
5844
5823
5801
5797
5778
5776
5708
5678
5670
5617
5595
5593
5592
5560
5556
5554
5518
5485
5484
5474
5457
5399
5396
5389
5368
5338
5307
5298
5294
5278
5270
5242
5232
5217
5211
5187
5186
5167
5141
5129
5127
5112
5088
5078
5075
5072
5053
5040
5021
5020
5014
4994
4978
4977
4972
4915
4908
4893
4892
4886
4868
4806
4798
4706
4670
4668
4621
4618
4609
4501
4461
4450
4433
4406
4364
4355
4334
4333
4327
4317
4291
4272
4247
4245
4239
4223
4219
4210
4200
4190
4182
4160
4144
4138
4131
4121
4070
4027
3998
3961
3954
3947
3931
3923
3896
3886
3874
3860
3849
3845
3828
3820
3812
3799
3762
3761
3731
3702
3678
3676
3660
3653
3646
3645
3607
3568
3529
3516
3511
3510
3482
3456
3449
3447
3445
3442
3419
3317
3283
3274
3178
3173
3169
3123
3119
3105
3099
3096
3092
3077
3052
3050
3045
3038
3028
3012
3011
3010
3005
3003
3000
2989
2969
2943
2935
2921
2906
2897
2875
2868
2852
2845
2808
2795
2790
2789
2783
2749
2742
2740
2727
2590
2562
2515
2493
2466
2455
2421
2354
2344
2338
2330
2313
2299
2284
2270
2240
2239
2201
2167
2137
2132
2126
2101
2026
2013
2004
1985
1950
1939
1891
1856
1852
1826
1819
1817
1761
1723
1722
1695
1673
1665
1637
1623
1617
1598
1589
1522
1483
1474
1463
1442
1403
1373
1362
1312
1245
1233
1215
1206
1186
1179
1176
1165
1159
1135
1132
1122
1063
1057
1047
971
905
885
882
880
859
858
830
820
816
792
786
748
742
689
679
674
649
636
610
602
585
571
563
557
547
532
530
522
516
510
508
472
471
462
456
445
441
436
431
422
359
342
336
316
262
241
222
179
177
170
165
121
25
17
