5971
5920
5852
5841
5840
5838
5811
5754
5744
5734
5677
5653
5615
5604
5600
5569
5448
5447
5349
5239
5222
5182
5153
5124
5108
5087
5042
5005
4981
4980
4962
4928
4831
4821
4785
4784
4750
4748
4729
4705
4659
4655
4637
4611
4593
4568
4484
4345
4322
4302
4268
4224
4001
3989
3976
3967
3945
3796
3770
3611
3601
3600
3592
3585
3578
3547
3473
3430
3428
3420
3363
3358
3271
3217
3140
3087
3072
3026
3017
3013
2997
2990
2966
2889
2866
2750
2745
2565
2506
2383
2368
2353
2334
2309
2264
2237
2233
2222
2205
2178
2173
2162
2011
1960
1937
1883
1875
1755
1697
1609
1552
1505
1301
1291
1279
1199
1172
1141
1121
1074
987
973
945
934
919
899
840
801
731
727
655
630
594
558
551
520
518
499
411
346
293
45
26
