6033
6024
6023
6021
6007
5994
5982
5931
5926
5924
5903
5894
5879
5875
5873
5869
5842
5813
5808
5753
5731
5726
5715
5712
5709
5701
5687
5683
5679
5648
5647
5632
5626
5624
5620
5583
5581
5531
5520
5510
5497
5490
5473
5451
5449
5403
5390
5386
5382
5363
5350
5342
5339
5336
5332
5318
5301
5263
5230
5227
5226
5219
5177
5173
5169
5118
5104
5094
5071
5059
5034
4985
4975
4966
4965
4961
4901
4862
4848
4810
4801
4747
4733
4711
4699
4671
4640
4601
4569
4552
4534
4532
4512
4511
4494
4488
4487
4477
4437
4417
4415
4377
4374
4368
4363
4353
4351
4339
4320
4313
4284
4261
4248
4243
4242
4212
4177
4173
4161
4153
4148
4147
4132
4130
4127
4104
4101
4098
4080
4040
4032
4020
4018
4013
4004
3997
3996
3995
3984
3968
3955
3937
3914
3906
3905
3902
3855
3819
3809
3777
3763
3741
3737
3712
3701
3697
3684
3671
3666
3663
3661
3631
3603
3594
3580
3579
3565
3564
3556
3555
3553
3534
3522
3493
3461
3408
3403
3400
3399
3377
3368
3361
3349
3281
3279
3263
3257
3242
3231
3230
3228
3209
3202
3199
3183
3162
3151
3134
3116
3085
3048
3047
3033
3024
3022
2983
2919
2894
2890
2886
2876
2812
2804
2792
2772
2765
2712
2701
2656
2651
2620
2595
2594
2575
2573
2539
2522
2521
2500
2491
2468
2463
2445
2435
2424
2420
2403
2374
2337
2302
2282
2265
2262
2254
2228
2227
2194
2192
2186
2163
2146
2143
2114
2097
2079
2025
2021
1996
1961
1948
1917
1901
1887
1873
1870
1855
1839
1762
1753
1726
1689
1640
1629
1564
1560
1543
1523
1499
1497
1490
1473
1472
1468
1464
1418
1414
1408
1358
1349
1338
1328
1320
1304
1219
1155
1127
1093
1082
1071
1053
1033
1031
1030
1020
1018
1000
990
980
979
915
904
894
876
863
853
819
810
808
803
785
783
778
767
739
729
720
695
663
661
615
609
604
575
567
560
539
526
505
496
477
435
385
351
295
289
288
260
256
240
236
210
174
162
134
130
129
127
125
105
103
101
100
93
87
65
52
49
29
13
7
2
