6001
5963
5956
5938
5906
5874
5858
5826
5809
5775
5769
5733
5723
5716
5706
5699
5686
5654
5630
5596
5585
5565
5557
5535
5488
5468
5466
5452
5450
5445
5437
5434
5418
5413
5404
5376
5369
5335
5323
5321
5305
5300
5269
5264
5234
5225
5223
5193
5161
5120
5102
5096
5049
5038
5008
4964
4959
4933
4921
4899
4898
4869
4861
4834
4829
4824
4796
4791
4774
4742
4675
4656
4562
4531
4521
4509
4471
4459
4458
4451
4449
4436
4416
4362
4337
4298
4203
4122
4118
4114
4093
4078
4050
4009
3894
3837
3822
3789
3752
3735
3733
3704
3673
3563
3520
3490
3487
3481
3436
3411
3370
3301
3277
3266
3260
3216
3203
3195
3167
3159
3158
3128
3112
3075
3002
2955
2939
2880
2854
2837
2832
2787
2784
2781
2774
2752
2748
2730
2691
2684
2608
2589
2572
2523
2389
2323
2307
2272
2263
2259
2246
2208
2188
2176
2175
2122
2119
2084
2059
2056
2050
2008
1984
1925
1903
1882
1851
1805
1775
1767
1658
1650
1643
1597
1571
1514
1498
1491
1489
1440
1430
1421
1420
1415
1413
1409
1396
1335
1272
1265
1243
1228
1134
1133
1113
1105
985
981
977
954
953
939
924
921
891
846
755
737
698
690
664
623
601
587
577
457
454
429
425
415
398
386
377
230
224
208
190
150
136
131
23
